[[1.0, 0.12484025421094275, 0.07986827639009175, 0.17517905587416843, 0.061455688711977485, 0.0481683067104512, 0.46482638711084945, 0.0, 0.09935407927546634, 0.0, 0.0, 0.0, 0.3661876161580845, 0.28730630409156105, 0.1378338256462213, 0.0], [0.12484025421094275, 1.0, 0.17124563203746418, 0.16989718339865859, 0.21192583816993926, 0.0467159706869679, 0.0863366027104397, 0.0, 0.40392434217070144, 0.0, 0.0, 0.0, 0.06801549053665072, 0.0, 0.13367795960252063, 0.0], [0.07986827639009175, 0.17124563203746418, 1.0, 0.10869406897116651, 0.3229935590324472, 0.0, 0.0, 0.0, 0.0, 0.0, 0.0, 0.0, 0.0, 0.0, 0.0, 0.0], [0.17517905587416843, 0.16989718339865859, 0.10869406897116651, 1.0, 0.0836360714096856, 0.06555305170526507, 0.12114974169022709, 0.0, 0.1352126230017655, 0.11556893252685548, 0.11556893252685548, 0.11556893252685548, 0.09544108582874485, 0.0, 0.3301743507443331, 0.16858999298612953], [0.061455688711977485, 0.21192583816993926, 0.3229935590324472, 0.0836360714096856, 1.0, 0.071538814313102, 0.13221213428514297, 0.0, 0.14755912162871673, 0.0, 0.0, 0.0, 0.10415597656142404, 0.0, 0.2047086379482393, 0.0], [0.0481683067104512, 0.0467159706869679, 0.0, 0.06555305170526507, 0.071538814313102, 1.0, 0.10362644644561511, 0.0, 0.11565524978245899, 0.0, 0.0, 0.0, 0.08163633228894955, 0.0, 0.16044842496489234, 0.0], [0.46482638711084945, 0.0863366027104397, 0.0, 0.12114974169022709, 0.13221213428514297, 0.10362644644561511, 1.0, 0.0, 0.21374449048171804, 0.0, 0.0, 0.0, 0.7877943815413342, 0.6180937917000088, 0.29652754118141617, 0.0], [0.0, 0.0, 0.0, 0.0, 0.0, 0.0, 0.0, 1.0, 0.0, 0.17441384641459237, 0.17441384641459237, 0.17441384641459237, 0.0, 0.21251424530302668, 0.0, 0.25443195243572153], [0.09935407927546634, 0.40392434217070144, 0.0, 0.1352126230017655, 0.14755912162871673, 0.11565524978245899, 0.21374449048171804, 0.0, 1.0, 0.0, 0.0, 0.0, 0.16838670868691266, 0.0, 0.3309480158688415, 0.0], [0.0, 0.0, 0.0, 0.11556893252685548, 0.0, 0.0, 0.0, 0.17441384641459237, 0.0, 1.0000000000000002, 1.0000000000000002, 1.0000000000000002, 0.0, 0.13966918190937705, 0.1414339433210442, 0.33443689949001876], [0.0, 0.0, 0.0, 0.11556893252685548, 0.0, 0.0, 0.0, 0.17441384641459237, 0.0, 1.0000000000000002, 1.0000000000000002, 1.0000000000000002, 0.0, 0.13966918190937705, 0.1414339433210442, 0.33443689949001876], [0.0, 0.0, 0.0, 0.11556893252685548, 0.0, 0.0, 0.0, 0.17441384641459237, 0.0, 1.0000000000000002, 1.0000000000000002, 1.0000000000000002, 0.0, 0.13966918190937705, 0.1414339433210442, 0.33443689949001876], [0.3661876161580845, 0.06801549053665072, 0.0, 0.09544108582874485, 0.10415597656142404, 0.08163633228894955, 0.7877943815413342, 0.0, 0.16838670868691266, 0.0, 0.0, 0.0, 1.0, 0.8550965487947487, 0.23360273091498623, 0.0], [0.28730630409156105, 0.0, 0.0, 0.0, 0.0, 0.0, 0.6180937917000088, 0.21251424530302668, 0.0, 0.13966918190937705, 0.13966918190937705, 0.13966918190937705, 0.8550965487947487, 1.0000000000000002, 0.0, 0.2037470268491803], [0.1378338256462213, 0.13367795960252063, 0.0, 0.3301743507443331, 0.2047086379482393, 0.16044842496489234, 0.29652754118141617, 0.0, 0.3309480158688415, 0.1414339433210442, 0.1414339433210442, 0.1414339433210442, 0.23360273091498623, 0.0, 1.0, 0.6394820289276548], [0.0, 0.0, 0.0, 0.16858999298612953, 0.0, 0.0, 0.0, 0.25443195243572153, 0.0, 0.33443689949001876, 0.33443689949001876, 0.33443689949001876, 0.0, 0.2037470268491803, 0.6394820289276548, 1.0000000000000002]]